0.0015000000000000042 
-0.008578309859158806 
-0.4266300112676649 
-5.146985915492722e-05 
-0.3486834070421721 
-0.0024728901577464628 
0.17872049384788785 
-0.0020921004422535193 
0.047058371707050246 
0.16436567589637802 
0.002381992977769022 
0.6745471928740069 
0.0002823502302422478 
-0.007776885505834907 
-0.00026979695481832834 
-0.4776297008987982 
0.004562190632998422 
-0.38349457520407265 
-4.6661313035062646e-05 
-0.08237761578284677 
0.12030922356245366 
-0.006765029226680139 
-0.43104799912959796 
-0.004710120025302557 
-0.17793256379994404 
-0.0004942656946970691 
0.1993319355666701 
0.0032416948698159144 
0.5197735486271439 
-0.002314225326336269 
0.9219896593274373 
-0.002599930112753091 
0.23973759595190017 
0.001195991613400071 
0.041946097758034526 
-0.1788842935171638 
0.006369319591514185 
-0.026843543542382702 
0.012882739788545962 
0.49244991169344904 
0.0022030627880991614 
-0.1870288850773614 
0.00025167658654832266 
-0.060173290105813154 
